[gd_scene load_steps=9 format=3 uid="uid://dh7k3m9xqp2r"]

[ext_resource type="Script" path="res://player_hands.gd" id="1_hands"]

[sub_resource type="StandardMaterial3D" id="Mat_skin"]
albedo_color = Color(0.24, 0.18, 0.15, 1)
roughness = 0.85
metallic = 0.0

[sub_resource type="StandardMaterial3D" id="Mat_sleeve"]
albedo_color = Color(0.36, 0.25, 0.18, 1)
roughness = 0.9
metallic = 0.0

[sub_resource type="BoxMesh" id="Mesh_palm"]
material = SubResource("Mat_skin")
size = Vector3(0.08, 0.04, 0.1)

[sub_resource type="CapsuleMesh" id="Mesh_finger"]
material = SubResource("Mat_skin")
radius = 0.018
height = 0.08

[sub_resource type="BoxMesh" id="Mesh_sleeve"]
material = SubResource("Mat_sleeve")
size = Vector3(0.11, 0.055, 0.18)

[sub_resource type="CylinderMesh" id="Mesh_flashlight"]
top_radius = 0.03
bottom_radius = 0.03
height = 0.18

[node name="PlayerHands" type="Node3D"]
script = ExtResource("1_hands")

[node name="RightArm" type="Node3D" parent="."]
transform = Transform3D(1, 0, 0, 0, 1, 0, 0, 0, 1, 0.25, -0.22, -0.35)

[node name="Sleeve" type="MeshInstance3D" parent="RightArm"]
transform = Transform3D(0.965926, -0.258819, 0, 0.258819, 0.965926, 0, 0, 0, 1, 0.015, 0.025, 0.06)
mesh = SubResource("Mesh_sleeve")
cast_shadow = 0

[node name="Palm" type="MeshInstance3D" parent="RightArm"]
transform = Transform3D(0.939693, -0.34202, 0, 0.34202, 0.939693, 0, 0, 0, 1, 0, 0, 0)
mesh = SubResource("Mesh_palm")
cast_shadow = 0

[node name="Finger1" type="MeshInstance3D" parent="RightArm/Palm"]
transform = Transform3D(1, 0, 0, 0, 0.965926, -0.258819, 0, 0.258819, 0.965926, -0.025, 0, -0.07)
mesh = SubResource("Mesh_finger")
cast_shadow = 0

[node name="Finger2" type="MeshInstance3D" parent="RightArm/Palm"]
transform = Transform3D(1, 0, 0, 0, 0.965926, -0.258819, 0, 0.258819, 0.965926, 0.0, 0, -0.08)
mesh = SubResource("Mesh_finger")
cast_shadow = 0

[node name="Finger3" type="MeshInstance3D" parent="RightArm/Palm"]
transform = Transform3D(1, 0, 0, 0, 0.965926, -0.258819, 0, 0.258819, 0.965926, 0.025, 0, -0.07)
mesh = SubResource("Mesh_finger")
cast_shadow = 0

[node name="FlashlightProp" type="MeshInstance3D" parent="RightArm"]
transform = Transform3D(1, 0, 0, 0, -4.37114e-08, 1, 0, -1, -4.37114e-08, -0.02, 0.01, -0.04)
visible = false
mesh = SubResource("Mesh_flashlight")

[node name="LeftArm" type="Node3D" parent="."]
transform = Transform3D(1, 0, 0, 0, 1, 0, 0, 0, 1, -0.25, -0.22, -0.35)

[node name="Sleeve" type="MeshInstance3D" parent="LeftArm"]
transform = Transform3D(0.965926, 0.258819, 0, -0.258819, 0.965926, 0, 0, 0, 1, -0.015, 0.025, 0.06)
mesh = SubResource("Mesh_sleeve")
cast_shadow = 0

[node name="Palm" type="MeshInstance3D" parent="LeftArm"]
transform = Transform3D(0.939693, 0.34202, 0, -0.34202, 0.939693, 0, 0, 0, 1, 0, 0, 0)
mesh = SubResource("Mesh_palm")
cast_shadow = 0

[node name="Finger1" type="MeshInstance3D" parent="LeftArm/Palm"]
transform = Transform3D(1, 0, 0, 0, 0.965926, -0.258819, 0, 0.258819, 0.965926, -0.025, 0, -0.07)
mesh = SubResource("Mesh_finger")
cast_shadow = 0

[node name="Finger2" type="MeshInstance3D" parent="LeftArm/Palm"]
transform = Transform3D(1, 0, 0, 0, 0.965926, -0.258819, 0, 0.258819, 0.965926, 0.0, 0, -0.08)
mesh = SubResource("Mesh_finger")
cast_shadow = 0

[node name="Finger3" type="MeshInstance3D" parent="LeftArm/Palm"]
transform = Transform3D(1, 0, 0, 0, 0.965926, -0.258819, 0, 0.258819, 0.965926, 0.025, 0, -0.07)
mesh = SubResource("Mesh_finger")
cast_shadow = 0
